-488 -280
1368 -1288
-488 -280
1368 -1288
56 -1672
1912 -1816
-2200 -360
1880 -2472
3160 1576
5784 -1480
4952 5688
6840 5896
7480 6264
8520 -2696
8424 -2504
9944 5768
11112 -2360
10872 -1352
11848 -2712
14152 4312
14440 -2216
15560 24
16136 4824
16456 7384
-2200 -360
17064 6680
13592 -3368
14888 -3432
17624 -3384
10328 7880
18184 -2808
18552 -1736
18440 6216
[info] increasing fragment cache size from 1024 to 2048
[info] fragment cache size increased to 2048
18952 -1288
19144 792
19176 1304
21848 -696
22776 -1400
23192 -1352
23160 -424
23304 6248
23784 -2344
23624 6456
24168 -344
24728 536
25624 -1496
25736 4200
29912 -824
31544 40
19000 8264
20792 8344
25208 8264
34168 -2920
34088 -1304
34056 8024
35176 -2728
34936 -904
35480 -2792
37656 168
38024 584
38616 -1016
41288 184
41048 1320
44104 -2424
46664 -3368
53096 4872
53976 4440
55672 -2808
55624 5320
55432 5928
56568 1800
56456 2088
57048 -376
57640 -280
60120 376
62568 -2248
63688 2904
64216 2776
65400 -2952
66904 -2296
66616 -1912
66888 808
66616 1400
66936 3736
67768 -1272
71880 1736
71928 3752
71960 4408
74008 1048
73928 4344
73960 4696
74456 1208
75096 632
75272 1608
75864 4904
76440 4760
77160 3768
102216 -4088
103160 -2776
102920 1064
103272 2072
103784 1544
103960 1704
106312 2888
106760 -1512
106728 -184
107384 2808
107112 3336
107832 -232
107656 2408
107880 3352
108360 2104
108824 2328
99480 7944
110424 1688
111912 3704
107384 2808
106312 2888
108360 2104
106312 2888
107384 2808
103960 1704
103784 1544
103272 2072
102920 1064
106312 2888
107384 2808
106728 -184
107112 3336
106760 -1512
96296 -1288
103160 -2776
107832 -232
104472 -5992
111416 -6360
108040 -6904
112472 760
108072 -7448
113960 664
108312 -9176
111112 -9160
114712 -1864
114952 -1208
114872 -2984
114904 -680
115256 -808
102952 -9640
109896 -9656
115880 -5512
116264 -7320
116264 -5096
118088 -5944
109256 -10136
118344 -8984
121384 -920
122152 -1464
122744 -760
122952 -1880
109256 -10136
102952 -9640
103160 -2776
102920 1064
109256 -10136
125192 -1016
127112 -7896
127272 -7512
121560 -11032
130888 -5400
125800 -11480
136344 -6648
136328 -4936
137256 -7160
138264 -9064
138248 -2760
138968 -9640
140616 -5016
141544 -10600
141384 -8648
141496 -4952
141928 -7400
141928 -7848
144472 -3720
145000 -3400
145432 -6024
145592 -2936
146248 -4264
146648 -4968
150344 -8408
150184 -5000
138344 -2408
143048 -2488
143032 -12088
152344 -12232
143192 -1720
137752 -1432
138424 -1256
143512 -12568
149048 -12456
151224 -12760
155144 -2312
156008 -8904
156024 -8664
155784 -5592
156200 -12552
156216 -8936
156264 -4552
156872 -4600
156696 -4056
157288 -8056
158056 -7912
158472 -6936
159016 -7000
159400 -8856
159480 -9864
159304 -7096
160328 -5320
160984 -2936
160776 -2504
162472 -11464
166056 -3416
166488 -10024
166712 -9720
166968 -9544
167432 -4952
168216 -11240
167944 -5576
168728 -10472
169000 -11720
170264 -8920
166472 -2440
171144 -11096
171224 -10696
171016 -10232
172280 -2904
163944 -1272
169720 -1240
175784 -4360
176168 -3928
169080 -648
176968 -10488
177800 -10088
178504 -10424
178808 -10152
178840 -7512
179304 -10152
179528 -2424
180008 -3336
181288 -1880
181816 -11992
183000 -5480
183368 -12184
183624 -6120
183656 -5000
183640 -4392
183816 -5032
183960 -3880
181528 -12536
163384 -13272
164040 -14072
165544 -13992
164184 -14568
165896 -15176
165112 -17320
166088 -20296
182536 -21384
185480 -22504
170344 -23864
169112 -23896
168472 -25336
165032 -25976
170600 -26264
168616 -27512
172184 -27992
173592 -27864
177928 -28056
178936 -28120
163544 -28616
176904 -28360
177224 -28552
171032 -29096
179400 -28856
185016 -29064
165128 -29640
165432 -29608
180936 -29528
173608 -30664
165064 -31176
172200 -30968
175256 -31080
175208 -32440
180536 -33576
178984 -34120
178216 -34504
165976 -36104
167656 -36296
166968 -36776
182472 -37784
179448 -38264
180744 -38312
168152 -39224
172648 -39128
173720 -39272
182952 -39576
168296 -40104
166744 -40648
180552 -40712
182008 -40952
180760 -41352
181928 -41128
179816 -41768
180264 -41784
188232 -41816
188088 -41208
185608 -42808
188104 -42904
188728 -41448
179816 -43704
180264 -43880
190088 -40072
176808 -44728
177864 -44936
174424 -45352
183960 -45240
188520 -45352
191832 -45336
192264 -45528
192104 -45752
192520 -45544
192840 -42952
192760 -38680
176376 -46232
193176 -46552
182792 -46936
194840 -42120
194904 -41896
180264 -47256
194088 -47320
195144 -41752
195608 -47016
195832 -41976
195656 -41368
186392 -47752
186984 -47944
196344 -47528
196376 -42152
189624 -48824
193576 -49432
199944 -44264
200552 -49832
202920 -49560
201416 -51192
204424 -50328
207224 -49848
206952 -48824
207464 -47320
207368 -49960
208744 -48776
209256 -49128
209784 -50136
192600 -52904
205512 -52888
210152 -49832
210152 -49512
210760 -52488
211160 -52120
211688 -52024
211656 -50552
212072 -51480
211192 -54680
213272 -53656
213032 -52152
211128 -55800
211016 -56312
210520 -56600
206056 -57224
205448 -57080
208088 -57720
211752 -58824
213832 -58584
220680 -57688
220712 -58072
213144 -59096
219304 -59848
226008 -56456
226024 -56184
219864 -60792
226456 -60600
228216 -56200
228408 -61416
228648 -57272
228968 -60664
219848 -62136
228936 -62152
222056 -62840
232616 -62872
227704 -64232
233784 -58040
233736 -57272
234728 -57048
231080 -65960
237272 -57048
237160 -56520
237800 -58296
238184 -56184
238392 -56600
238840 -57240
223288 -66280
231448 -66328
231960 -66552
239672 -57816
233192 -67016
239480 -66696
233240 -67336
222952 -67976
222536 -68408
222856 -68440
230488 -69336
234712 -70344
220952 -70792
231288 -70984
223832 -71608
222216 -72568
221704 -73048
219768 -73624
237848 -74168
223992 -74568
224808 -74520
223080 -74952
224872 -75256
237272 -74888
225128 -75544
225320 -75448
228904 -75432
232216 -75448
221880 -76072
242472 -77640
242456 -77224
242728 -76616
243272 -76696
243752 -78776
244600 -78632
240232 -79240
245592 -80136
247592 -79800
247320 -78600
247528 -77736
247928 -79864
245080 -81160
241480 -82264
243448 -83448
249896 -85336
255016 -85256
250968 -85704
257224 -86776
253624 -87464
255144 -87512
256744 -87768
254728 -88312
259608 -84616
260680 -88456
260648 -87720
261880 -87400
262232 -85400
262712 -90104
252248 -90552
253528 -90488
260248 -90312
250568 -90840
251992 -90888
250216 -91832
252040 -92312
258664 -93128
270600 -87432
270648 -86840
258664 -93128
272600 -93992
268136 -96040
273240 -96648
273656 -97640
275640 -97752
276072 -97672
276488 -97752
269544 -98104
275496 -98008
269896 -98504
274488 -99272
275672 -99816
282808 -92024
272232 -100312
283288 -99992
271432 -100696
272008 -100488
276120 -100680
283352 -100504
284312 -96984
284808 -100488
284840 -97528
285352 -98568
286040 -96104
273224 -101640
287464 -98456
287496 -97592
287320 -94952
281976 -103224
282200 -103080
286936 -104936
291112 -104664
292200 -102616
291848 -105960
288616 -107512
291912 -107496
298664 -100120