-488 -280
1368 -1288
-488 -280
1368 -1288
56 -1672
1912 -1816
-2200 -360
1880 -2472
3160 1576
5784 -1480
4952 5688
6840 5896
7480 6264
8520 -2696
8424 -2504
9944 5768
11112 -2360
10872 -1352
11848 -2712
14152 4312
14440 -2216
15560 24
16136 4824
16456 7384
-2200 -360
17064 6680
13592 -3368
14888 -3432
17624 -3384
10328 7880
18184 -2808
18552 -1736
18440 6216
[info] increasing fragment cache size from 1024 to 2048
[info] fragment cache size increased to 2048
18952 -1288
19144 792
19176 1304
21848 -696
22776 -1400
23192 -1352
23160 -424
23304 6248
23784 -2344
23624 6456
24168 -344
24728 536
25624 -1496
25736 4200
29912 -824
31544 40
19000 8264
20792 8344
25208 8264
34168 -2920
34088 -1304
34056 8024
35176 -2728
34936 -904
35480 -2792
37656 168
38024 584
38616 -1016
41288 184
41048 1320
44104 -2424
46664 -3368
53096 4872
53976 4440
55672 -2808
55624 5320
55432 5928
56568 1800
56456 2088
57048 -376
57640 -280
60120 376
62568 -2248
63688 2904
64216 2776
65400 -2952
66904 -2296
66616 -1912
66888 808
66616 1400
66936 3736
67768 -1272
71880 1736
71928 3752
71960 4408
74008 1048
73928 4344
73960 4696
74456 1208
75096 632
75272 1608
75864 4904
76440 4760
77160 3768
102216 -4088
103160 -2776
102920 1064
103272 2072
103784 1544
103960 1704
106312 2888
106760 -1512
106728 -184
107384 2808
107112 3336
107832 -232
107656 2408
107880 3352
108360 2104
108824 2328
99480 7944
110424 1688
111912 3704
107384 2808
106312 2888
108360 2104
106312 2888
107384 2808
103960 1704
103784 1544
103272 2072
102920 1064
106312 2888
107384 2808
106728 -184
107112 3336
106760 -1512
96296 -1288
103160 -2776
107832 -232
104472 -5992
111416 -6360
108040 -6904
112472 760
108072 -7448
113960 664
108312 -9176
111112 -9160
114712 -1864
114952 -1208
114872 -2984
114904 -680
115256 -808
102952 -9640
109896 -9656
115880 -5512
116264 -7320
116264 -5096
118088 -5944
109256 -10136
118344 -8984
121384 -920
122152 -1464
122744 -760
122952 -1880
109256 -10136
102952 -9640
103160 -2776
102920 1064
109256 -10136
125192 -1016
127112 -7896
127272 -7512
121560 -11032
130888 -5400
125800 -11480
136344 -6648
136328 -4936
137256 -7160
138264 -9064
138248 -2760
138968 -9640
140616 -5016
141544 -10600
141384 -8648
141496 -4952
141928 -7400
141928 -7848
144472 -3720
145000 -3400
145432 -6024
145592 -2936
146248 -4264
146648 -4968
150344 -8408
150184 -5000
138344 -2408
143048 -2488
143032 -12088
152344 -12232
143192 -1720
137752 -1432
138424 -1256
143512 -12568
149048 -12456
151224 -12760
155144 -2312
156008 -8904
156024 -8664
155784 -5592
156200 -12552
156216 -8936
156264 -4552
156872 -4600
156696 -4056
157288 -8056
158056 -7912
158472 -6936
159016 -7000
159400 -8856
159480 -9864
159304 -7096
160328 -5320
160984 -2936
160776 -2504
162472 -11464
166056 -3416
166488 -10024
166712 -9720
166968 -9544
167432 -4952
168216 -11240
167944 -5576
168728 -10472
169000 -11720
170264 -8920
166472 -2440
171144 -11096
171224 -10696
171016 -10232
172280 -2904
163944 -1272
169720 -1240
175784 -4360
176168 -3928
169080 -648
176968 -10488
177800 -10088
178504 -10424
178808 -10152
178840 -7512
179304 -10152
179528 -2424
180008 -3336
181288 -1880
181816 -11992
183000 -5480
183368 -12184
183624 -6120
183656 -5000
183640 -4392
183816 -5032
183960 -3880
181528 -12536
163384 -13272
164040 -14072
165544 -13992
164184 -14568
165896 -15176
165112 -17320
166088 -20296
182536 -21384
185480 -22504
170344 -23864
169112 -23896
168472 -25336
165032 -25976
170600 -26264
168616 -27512
172184 -27992
173592 -27864
177928 -28056
178936 -28120
163544 -28616
176904 -28360
177224 -28552
171032 -29096
179400 -28856
185016 -29064
165128 -29640
165432 -29608
180936 -29528
173608 -30664
165064 -31176
172200 -30968
175256 -31080
175208 -32440
180536 -33576
178984 -34120
178216 -34504
165976 -36104
167656 -36296
166968 -36776
182472 -37784
179448 -38264
180744 -38312
168152 -39224
172648 -39128
173720 -39272
182952 -39576
168296 -40104
166744 -40648
180552 -40712
182008 -40952
180760 -41352
181928 -41128
179816 -41768
180264 -41784
188232 -41816
188088 -41208
185608 -42808
188104 -42904
188728 -41448
179816 -43704
180264 -43880
190088 -40072
176808 -44728
177864 -44936
174424 -45352
183960 -45240
188520 -45352
191832 -45336
192264 -45528
192104 -45752
192520 -45544
192840 -42952
192760 -38680
176376 -46232
193176 -46552
182792 -46936
194840 -42120
194904 -41896
180264 -47256
194088 -47320
195144 -41752
195608 -47016
195832 -41976
195656 -41368
186392 -47752
186984 -47944
196344 -47528
196376 -42152
189624 -48824
193576 -49432
199944 -44264
200552 -49832
202920 -49560
201416 -51192
204424 -50328
207224 -49848
206952 -48824
207464 -47320
207368 -49960
208744 -48776
209256 -49128
209784 -50136
192600 -52904
205512 -52888
210152 -49832
210152 -49512
210760 -52488
211160 -52120
211688 -52024
211656 -50552
212072 -51480
211192 -54680
213272 -53656
213032 -52152
211128 -55800
211016 -56312
210520 -56600
206056 -57224
205448 -57080
208088 -57720
211752 -58824
213832 -58584
220680 -57688
220712 -58072
213144 -59096
219304 -59848
226008 -56456
226024 -56184
219864 -60792
226456 -60600
228216 -56200
228408 -61416
228648 -57272
228968 -60664
219848 -62136
228936 -62152
222056 -62840
232616 -62872
227704 -64232
233784 -58040
233736 -57272
234728 -57048
231080 -65960
237272 -57048
237160 -56520
237800 -58296
238184 -56184
238392 -56600
238840 -57240
223288 -66280
231448 -66328
231960 -66552
239672 -57816
233192 -67016
239480 -66696
233240 -67336
222952 -67976
222536 -68408
222856 -68440
230488 -69336
234712 -70344
220952 -70792
231288 -70984
223832 -71608
222216 -72568
221704 -73048
219768 -73624
237848 -74168
223992 -74568
224808 -74520
223080 -74952
224872 -75256
237272 -74888
225128 -75544
225320 -75448
228904 -75432
232216 -75448
221880 -76072
242472 -77640
242456 -77224
242728 -76616
243272 -76696
243752 -78776
244600 -78632
240232 -79240
245592 -80136
247592 -79800
247320 -78600
247528 -77736
247928 -79864
245080 -81160
241480 -82264
243448 -83448
249896 -85336
255016 -85256
250968 -85704
257224 -86776
253624 -87464
255144 -87512
256744 -87768
254728 -88312
259608 -84616
260680 -88456
260648 -87720
261880 -87400
262232 -85400
262712 -90104
252248 -90552
253528 -90488
260248 -90312
250568 -90840
251992 -90888
250216 -91832
252040 -92312
258664 -93128
270600 -87432
270648 -86840
258664 -93128
272600 -93992
268136 -96040
273240 -96648
273656 -97640
275640 -97752
276072 -97672
276488 -97752
269544 -98104
275496 -98008
269896 -98504
274488 -99272
275672 -99816
282808 -92024
272232 -100312
283288 -99992
271432 -100696
272008 -100488
276120 -100680
283352 -100504
284312 -96984
284808 -100488
284840 -97528
285352 -98568
286040 -96104
273224 -101640
287464 -98456
287496 -97592
287320 -94952
281976 -103224
282200 -103080
286936 -104936
291112 -104664
292200 -102616
291848 -105960
288616 -107512
291912 -107496
298664 -100120
-8552 179896
-8344 178936
13960 187576
-4888 187960
38552 163032
37544 163096
-9352 185608
-11960 165544
-5512 187960
-7640 186952
12120 186072
5992 189064
25736 163880
6296 189048
23608 171800
-7512 188152
32440 184984
41224 165224
-14824 165736
11352 167096
11432 168280
-8488 187992
-3352 189512
17656 162888
-11704 177800
-6616 172856
-8456 172696
36008 172360
33448 183912
6184 163880
-5592 189736
11016 168088
-11448 179064
22360 187016
38216 171064
4216 170760
35192 171208
31000 183432
30408 183352
4856 183976
6520 183912
3144 187736
3288 164056
-12120 177192
5176 168072
3832 185416
-13576 185096
3144 163528
4168 163592
-2008 186616
19160 165896
-1528 165544
1336 185560
-6280 168696
-6584 169128
16520 187912
-5784 168456
16072 187960
-10008 170808
8808 187064
12632 188200
-9048 169000
-8584 170088
13320 189128
-4344 188760
10360 186888
-7400 168712
33816 170200
34872 170360
-5336 166472
40120 166936
39992 167496
-10920 170760
-5368 167480
-11240 165240
31944 167160
33064 167128
33112 167784
32632 167704
35144 167624
35352 167992
37464 168152
12856 166024
12888 168792
16920 162856
-11480 182840
-8984 183048
4440 183016
7912 186616
2776 174088
25176 163656
14008 172920
6776 169816
5912 173400
23224 173112
17560 174360
20776 174152
24072 174232
11032 184568
33896 188760
8936 186680
6488 172136
6744 172840
29736 189208
17416 167800
5672 173928
11080 173720
13656 173832
14584 173816
24616 173928
9768 165240
-7928 174456
-8904 179880
33144 166472
17704 174856
17976 174744
23704 174952
26232 174856
25448 174968
33336 166552
4360 175288
18600 175304
28424 175384
1864 171256
11112 175816
20520 168744
11928 169608
12088 170216
10008 182968
29480 175160
30488 173064
25208 176488
29896 176200
-2264 176664
-2024 176920
20216 169320
9976 186040
18712 188568
30920 173272
-3752 174088
12328 185160
31384 173656
-2472 177176
30488 177160
-3032 177768
2184 177912
13496 177832
6296 184456
-4536 187624
-5512 176824
-5800 177192
31768 173816
20296 189768
31016 177496
31896 176296
8952 178344
11624 178440
24344 178296
26904 178344
18008 169000
33432 173624
32584 178408
-8888 175176
32840 177480
35544 180504
38456 189304
13512 165016
20536 185032
-6440 173080
15432 167960
2840 178856
7848 178744
26456 178968
27352 179032
4792 180776
34616 175480
26920 181480
25704 180376
-9432 180936
14456 168712
14872 168808
-12456 182584
19560 185064
13992 190152
18728 190168
13336 168616
31608 182600
15688 185992
39640 190328
2408 179240
6808 179256
11512 179512
23320 179240
-4776 179944
4408 179928
8296 180056
36360 172696
27480 190056
28408 162520
28712 162376
36648 162392
38728 162376
-2024 163144
19112 189464
7448 182312
-5080 188952
33512 162152
10424 162408
1752 161800
-9656 171192
1592 188968
18184 189736
22184 186568
1240 189112
37496 178312
37400 177736
-13128 184600
-3384 189288
-2968 189304
3832 161336
5384 161416
12152 161336
24264 161656
25352 161624
-13128 162120
24344 176936
23848 176952
39544 176200
9768 181416
20856 185496
-12072 166488
40216 175352
12936 173608
21064 185704
19688 170536
21704 165528
23816 161000
26200 160808
35400 160792
37384 176776
39976 176696
32120 176696
37704 170776
26696 176968
-13288 171272
11352 181064
40568 179336
33000 185560
7720 190664
13992 190488
14488 190776
15064 190472
13512 191192
28456 191240
27336 191144
35496 191224
40680 191032
12584 191544
14584 191608
29256 191704
-15672 169064
-16360 162088
-16040 162648
-16264 166024
-16264 175960
42584 170824
-16712 175160
-16744 183528
-17240 166488
43272 170728
6456 192552
35192 192536
35560 192552
-18344 172696
6936 193224
-4600 160264
3240 160360
5672 160504
-1928 160056
-16136 159064
-4744 158984
-5768 158728
-2040 159048
-3304 158232
30472 157736
29896 157912
37144 157784
-17384 157528
-12744 157192
22856 157352
36552 157416
-16616 156840
-16120 156712
-12632 157032
-12200 156328
12488 156296
11944 155832
11080 155432
12296 155464
1272 154888
30792 154984
-15352 154168
-1800 154264
1768 154200
-776 154456
9960 154376
10376 154392
19624 154200
31432 154392
-17320 153864
-3896 153704
664 153848
16104 153784
-2216 153240
-3272 153448
36392 153384
-12728 152744
-360 152808
19464 152952
34856 152840
-12424 152184
18104 152136
32024 152344
17736 151912
22152 151928
33448 151688
-12616 151384
-6584 151240
4696 151416
12392 151144
33816 151320
42552 151192
-11640 150824
-3576 150568
36984 150840
1576 150264
15432 150200
37224 150376
37448 150072
21208 149208
26456 149048
41800 149064
8808 148600
21672 148552
21144 148520
27352 148616
30936 148744
33400 148584
25832 148024
26888 148072
27320 148264
18504 147656
25896 147816
28696 147496
37496 147576
12616 147176
17784 146952
28792 146952
37208 147304
38056 147000
37016 146776
19032 146264
30344 146088
33512 146232
36440 146184
-9352 145544
28968 145544
28248 145592
12824 145080
12648 145144
20248 145208
28296 145256
29544 145096
37592 145128
-9640 144568
16920 144504
30536 144584
-12488 144152
27320 143640
-11176 143000
-10664 143016
11352 142856
11960 143096
28520 142872
31560 143048
34952 143144
35688 143112
-16568 142376
3960 142376
11112 142520
10520 142568
8456 142456
12664 142456
37912 142472
-12104 141976
1800 142008
34584 142056
-13160 141608
9480 141624
37096 141496
-16376 140856
-13800 141112
-15320 141032
1048 140888
26152 140568
-9096 140040
-2824 140088
21736 139800
22280 139848
25336 139992
25736 139864
34584 140088
43064 140120
25368 139384
26216 139544
-696 139032
40 139032
39224 138840
42664 138328
-4904 159240
2696 159352
6520 159512
-1928 160056
36616 160120
-4600 160264
3240 160360
5672 160504
23816 161000
26200 160808
35400 160792
3832 161336
5384 161416
12152 161336
24264 161656
25352 161624
-16360 162088
-13128 162120
1752 161800
33512 162152
-16040 162648
10424 162408
28408 162520
28712 162376
36648 162392
38728 162376
-2024 163144
16920 162856
17656 162888
37544 163096
38552 163032
3144 163528
4168 163592
25176 163656
3288 164056
6184 163880
25736 163880
-11240 165240
9768 165240
13512 165016
41224 165224
-11960 165544
-14824 165736
-1528 165544
21704 165528
-16264 166024
12856 166024
19160 165896
-17240 166488
-12072 166488
-5336 166472
33144 166472
33336 166552
11352 167096
31944 167160
33064 167128
40120 166936
-5368 167480
17416 167800
32632 167704
33112 167784
35144 167624
39992 167496
5176 168072
11016 168088
11432 168280
15432 167960
35352 167992
37464 168152
-6280 168696
-5784 168456
-7400 168712
12888 168792
13336 168616
14456 168712
14872 168808
20520 168744
-15672 169064
-9048 169000
-6584 169128
18008 169000
20216 169320
6776 169816
11928 169608
-8584 170088
12088 170216
33816 170200
34872 170360
-10920 170760
-10008 170808
4216 170760
19688 170536
37704 170776
42584 170824
43272 170728
6728 137816
8056 137800
11416 137832
21544 137976
43544 137864
10488 137432
41272 137320
-18712 149688
-18824 151160
-19432 154360
-19096 159064
-19160 167192
-19336 167800
-19304 168056
44168 151816
44296 160536
3816 136968
14184 137016
41224 137048
-13288 171272
-9656 171192
1864 171256
35192 171208
38216 171064
-19656 159512
-20360 154488
-20216 161352
-20232 167208
-20968 154840
-20792 161064
-20696 169016
45720 159816
-14104 136264
4328 136392
4904 136360
8808 136408
37672 136280
40536 136376
43688 136328
-21496 143000
-21448 161336
28248 145592
28296 145256
-9640 144568
16920 144504
27320 143640
-10664 143016
11352 142856
11960 143096
3960 142376
8456 142456
10520 142568
11112 142520
12664 142456
1800 142008
9480 141624
1048 140888
26152 140568
-9096 140040
-2824 140088
21736 139800
22280 139848
25336 139992
25736 139864
25368 139384
26216 139544
-696 139032
40 139032
6728 137816
8056 137800
11416 137832
21544 137976
10488 137432
3816 136968
14184 137016
4328 136392
4904 136360
8808 136408
3240 135960
6984 135800
9368 136040
8424 135272
-2824 134904
6184 134824
12040 135032
23128 135016
8472 134248
23640 134200
23384 134168
-9400 133656
-8472 133768
26920 133736
24680 133832
28520 142872
28296 145256
28248 145592
-5896 133224
-5432 133384
9896 133496
-8696 132936
27752 133336
-8040 132840
-2936 132824
5928 132632
8232 132328
7784 131672
7016 131336
7880 131080
28968 145544
-8920 130728
7832 130936
616 130168
1640 130360
-8968 129896
17672 129592
-5544 129208
-3528 129224
-2392 129304
17688 128520
12488 128120
17032 128280
29544 145096
12024 127752
14920 127832
18104 127864
11496 127208
11368 126600
-5592 125512
-1960 125672
6856 125112
8952 125272
26808 125000
8264 124504
17272 124728
20200 124488
-9192 124248
15928 123992
23368 124136
24904 124216
1032 123608
28808 123496
-8600 123080
-5768 123128
-3240 122456
20584 122536
-3256 122040
1368 121992
1592 121976
-4344 120984
840 120968
2376 120920
-6472 120552
-4312 120696
-4888 120600
-2264 120648
888 120680
12568 120520
-3960 119464
344 119512
9416 119576
-8088 118888
-9128 119032
12056 119144
25752 118968
26248 119096
22648 118280
26248 118568
26728 118504
22232 117944
360 117368
18216 117368
24120 117000
24856 116888
25352 116904
5288 116312
4760 116264
6296 115784
18136 116072
15608 115496
20760 115352
25368 115240
-2472 114888
8264 114792
16424 114744
18072 114824
25112 114840
8280 114232
28424 114552
8248 113800
15704 114008
56 113336
5416 113272
-1848 112712
2376 112968
17128 112696
28856 112648
-7816 112472
1688 112392
-9672 111304
-9064 111160
1192 110824
22184 110904
22680 110872
-6952 110216
-6360 110184
-1784 110264
13944 110120
22264 110424
8344 109720
14568 109864
-2296 108888
14920 108696
-2008 108072
28520 108328
-3528 107640
23256 107736
22904 107576
17224 107288
18184 106632
-5416 106184
-4392 106232
-3848 106280
14584 106040
25832 106120
2120 105768
4248 105528
14488 105688
-4984 105048
27480 105224
27736 105032
-5048 104744
5240 104584
6280 104728
6856 104728
26408 104600
1256 103976
4184 104248
14504 104088
14872 103976
13624 103448
14904 103768
14568 103800
22248 103704
22344 103032
23784 103176
5832 102440
21256 102408
-3272 102248
20712 102008
28872 102216
20856 101560
21144 101528
18184 100696
-4744 100056
26296 99992
-9416 99656
-2200 99432
24104 99496
-3752 98872
-5928 98616
-2408 98360
20056 98312
-5304 97880
-776 97928
20584 98136
21832 97912
-6296 97608
-5368 97656
18568 97352
4216 96808
10024 97048
17208 97112
13672 96424
27480 96360
5672 95784
-1432 95512
5496 95608
7448 95592
8008 95416
8360 95320
15208 95496
9304 95080
-6472 94248
15672 94264
-6600 93960
-1880 93832
-776 93848
19064 93832
21208 94040
20664 92872
5672 92504
10312 92312
3384 91768
6488 91768
-6824 91384
9848 91464
14952 91144
28440 91432
29000 91240
28440 90952
28952 90872
27880 90456
-7816 89736
-7432 89432
-8024 89336
8296 89128
16680 89432
17480 89096
23416 89384
25144 89288
-8584 87608
10104 87576
14152 87848
24248 87848
25272 87672
29848 87560
-1400 87416
1176 87224
7864 87080
-2264 86792
712 86792
12328 86680
16504 86712
30504 98664
30456 100072
184 86088
-1720 85720
1320 85080
18056 85080
1128 84856
4440 84648
12552 84760
13416 84728
23848 84552
8472 84024
21512 84056
-4888 83688
3832 83752
4248 83672
7880 83656
16120 83640
26776 83560
3816 83064
29976 83176
30248 83000
17064 82440
-1960 82040
3704 82296
-7496 81592
-1160 81576
27256 81640
-3256 81208
19144 80968
23320 81144
27272 81208
7832 80680
7528 80584
18648 80744
12616 80184
15512 80040
17240 79912
-6008 79672
-6488 79720
17704 79688
21336 79592
21304 79176
7336 78440
1160 78152
-2264 77352
312 77160
22088 77160
26376 76952
-4248 76456
5880 76472
21272 76376
-1528 75816
16712 75816
-4424 75464
17736 75432
24872 75320
17576 75112
4824 73880
29864 73944
10488 72760
25224 72872
30280 72712
-4056 72440
10408 72344
11848 72232
24856 71752
-8440 71480
-2808 71240
-8584 71016
22136 70952
-6056 70504
2232 70472
5208 70472
13144 70184
21800 70472
17448 69720
-1272 69384
-1944 68712
10568 68840
26376 68792
27384 68856
1208 68376
8 68200
19016 68376
23928 68216
26312 68456
26856 68104
28968 68264
31608 78072
9880 67800
23912 67960
27720 67608
1256 67320
4792 67352
6280 67336
6776 67384
16600 67080
-1464 66904
20616 66712
16568 66056
-4248 65688
15976 65752
-1480 65096
13560 65144
4440 64520
9400 64808
-7672 64200
-3816 64248
22760 64136
19704 63576
22808 63864
25784 63864
-4584 63128
9032 63288
11032 63352
9912 63224
12632 63096
-5832 62728
10008 62824
10296 62536
18792 62120
30536 61608
2760 61080
5256 61224
29720 60968
31896 66664
7784 60568
15704 60744
30536 60616
29720 60776
29720 60232
9768 59400
24776 59528
4360 59128
18184 59256
6184 58696
28824 58568
7208 57880
13672 57880
1880 57528
10456 57464
16952 56920
10616 56344
568 55992
6504 55864
7400 55928
8296 56072
20328 55384
27720 55304
7752 55048
680 54392
2216 54440
6872 54536
16184 54376
24248 54504
2104 53928
7400 53976
7864 53896
8520 53816
15608 53784
29848 53800
15080 53464
20824 53528
8056 52920
14920 52856
15464 52936
20824 52872
-6904 52584
2280 51784
2104 51224
13112 51224
13448 51240
21528 51576
24296 51240
-4600 50952
4232 50776
7912 50296
26632 50472
23112 49832
24904 49832
-1256 49240
21784 49272
25384 49320
20744 48712
-264 48408
16184 48328
16488 48360
26248 48296
168 47640
-312 47400
8360 47432
-4536 46664
21704 46872
-4536 46104
11480 46280
23256 46136
24088 46360
28440 46424
-2968 45336
-3416 44808
11272 44600
20680 44808
-2552 44200
11544 44392
-3432 43704
19832 43672
20344 43208
31384 43352
-5784 41080
6312 41256
7176 41256
31032 41000
-6504 40568
-4872 40520
9944 40616
30936 40520
5272 40136
8456 40152
26824 40072
-3000 39496
8568 39752
10616 39448
11016 39544
11864 39448
23768 39688
11832 39128
20520 39064
21128 38952
24136 39240
26440 38200
-5768 37624
-216 36632
13016 36520
-952 36136
9368 35976
14120 35528
19784 35400
15400 35192
15096 34840
30472 34856
-3464 34600
27400 34616
13656 33800
16216 33944
31912 43736
-6008 33608
13672 33592
10504 33032
12664 32344
18440 32392
28936 32552
12392 31816
12840 31768
28360 31848
-8504 31384
-8520 38056
33032 43896
33560 36536
568 30968
12856 31080
17944 30952
33864 32824
33912 44872
152 30520
17000 30232
34376 37592
34424 51528
520 29832
1768 29864
4168 29880
5720 29800
6216 29704
14344 29960
34920 31832
-2952 29304
2136 29560
3736 29560
11544 29288
-2952 29048
30584 28856
72 28456
11480 28328
13592 28168
30360 28248
33960 28280
3384 27688
9736 27800
12968 27800
21240 27672
17576 27480
27240 27160
29544 27368
25912 26856
-3288 26264
24600 26424
-3800 25880
5864 25720
17208 25896
24104 25784
-2872 25352
13512 25208
13944 25400
16440 25224
17928 25464
25880 25384
4952 24856
17528 24664
27976 24760
4440 24392
12600 24216
13000 24296
13656 24136
16904 24104
23832 23736
28952 23608
29272 23832
2392 23192
10376 23176
23592 23400
3368 22872
28488 22632
-5800 22056
28376 22152
-5560 21640
18712 21544
25448 21816
3896 20568
21352 20552
28248 20696
29784 20760
-3736 20120
-1336 19512
7432 19544
25688 19560
31016 19464
-5960 19032
-888 19240
21848 19224
-6616 18792
13080 18520
16696 18680
-6536 17928
-5032 18120
24 17960
10824 17944
12952 18232
35576 27160
4184 17640
4904 17720
11784 17736
28200 17416
-5432 17144
1704 17160
11080 17208
12504 17160
27416 17000
23400 16664
33320 16488
-6392 16216
7400 16200
10568 16104
13848 16232
31384 16088
8040 15656
22536 15640
25864 15080
248 14408
29384 14600
31816 14584
34024 14568
-3400 14024
8760 14024
10024 13960
8920 13432
22376 13576
29208 13464
32792 13320
-4872 12856
29384 12920
19720 12344
24824 12360
10248 11800
10008 11304
16664 11560
5848 11032
18776 10936
7224 9976
34648 9880
7992 9272
13656 9528
24680 9464
26472 9400
7880 8856
12920 8776
13592 8808
25944 8728
19000 8264
20792 8344
25208 8264
10328 7880
34056 8024
16456 7384
17064 6680
7480 6264
18440 6216
23304 6248
23624 6456
4952 5688
6840 5896
9944 5768
16136 4824
14152 4312
25736 4200
-5464 3768
-4280 3752
-4040 3720
3160 1576
19176 1304
-4296 792
19144 792
24728 536
15560 24
31544 40
-2200 -360
-488 -280
23160 -424
24168 -344
21848 -696
29912 -824
34936 -904
1368 -1288
5784 -1480
10872 -1352
18952 -1288
22776 -1400
23192 -1352
25624 -1496
34088 -1304
56 -1672
1912 -1816
18552 -1736
1880 -2472
8424 -2504
11112 -2360
14440 -2216
23784 -2344
8520 -2696
11848 -2712
18184 -2808
34168 -2920
35480 -2792
35176 -2728
13592 -3368
17624 -3384
14888 -3432
24312 -3208
29992 -3304
33944 -3336
35096 -3816
10456 -4472
27864 -4840
-2024 -5352
10392 -5608
15432 -5432
20840 -5256
28808 -5416
35672 -5384
11432 -5768
32360 -5928
21032 -6632
-856 -7096
5400 -7016
6200 -7096
26360 -7048
11000 -7608
24824 -7400
36024 -5496
29784 -8024
32504 -8040
11416 -8584
29272 -8584
16472 -8952
1224 -10104
25144 -10904
-1512 -11736
-888 -11480
32984 -11608
7000 -12168
16696 -12168
16968 -12136
24824 -12040
-4520 -12664
-920 -12728
6888 -12472
16440 -12520
21720 -12712
8872 -13160
16712 -13000
24712 -13272
-4360 -13544
-3544 -13624
200 -13512
-264 -13608
9496 -13480
4440 -14312
600 -14840
7880 -14696
18616 -14632
35528 -14824
35944 -14776
-4056 -15064
7848 -15080
34664 -15320
9416 -15752
8728 -15848
10520 -15784
11528 -15848
9416 -16232
13992 -16200
23880 -16136
32616 -16120
-3336 -16728
-2888 -16520
-1880 -16824
-2408 -17064
8264 -17144
36584 -17320
-2408 -17688
4680 -17784
8040 -17912
-4424 -18776
11816 -18664
28344 -18856
35016 -18936
4456 -19224
27512 -19416
31944 -19256
35352 -19208
36408 -19416
2328 -19656
27864 -19784
-2232 -20472
9576 -20360
-4440 -20696
-3768 -20856
-2520 -20856
3192 -20632
10776 -20792
16968 -20872
17544 -20792
-4520 -21224
18088 -21240
17528 -21352
35112 -21912
4376 -22248
19736 -22456
22376 -22520
31096 -22904
21560 -24440
37896 -17128
38152 -14328
21080 -25064
22264 -24760
22760 -24760
20712 -25304
36536 -25224
8936 -25816
-184 -26536
5256 -26440
34344 -26584
37960 -26456
22216 -27624
34344 -28136
-2984 -28472
24 -28632
600 -28408
21752 -28472
34392 -28584
37400 -28616
37384 -28872
4984 -29608
8888 -29688
10936 -29480
8504 -29496
37560 -29496
16616 -30408
26376 -30472
34584 -30536
16472 -30888
25784 -31224
26392 -31144
34664 -31000
23128 -31688
31960 -31480
15448 -32248
34632 -31896
15544 -32552
15928 -33112
19464 -33144
23752 -32968
27928 -33208
5816 -33752
6152 -33784
23096 -33592
776 -34008
27496 -34456
31480 -34648
31864 -34760
28456 -35080
33480 -35288
22792 -35720
31880 -36312
-3816 -36808
18056 -36664
-4856 -37352
-3928 -37368
-5496 -37848
-3736 -37528
19096 -37608
17752 -37864
35912 -37672
8296 -38392
33288 -38312
7464 -38664
29384 -38856
-408 -39048
4280 -39128
33288 -39320
12056 -39784
12376 -39816
24792 -39560
20088 -40376
21000 -40264
-2760 -41304
2600 -41112
12424 -41128
13352 -42920
-4040 -43288
-3400 -43256
6888 -43192
11960 -43480
33352 -43480
32824 -43448
-2776 -43672
7000 -43816
35400 -43752
32504 -44360
33480 -44328
-3032 -44936
-2536 -44680
21784 -44968
5416 -45224
23128 -45496
37960 -26456
26840 -45848
34664 -45736
37640 -45864
38616 -38760
38408 -24840
39064 -38904
39288 -38104
39192 -35832
39576 -39048
40040 -26472
40712 -35000
40584 -25864
42088 -29688
42680 -43720
43752 -36344
44136 -32424
44248 -25768
44824 -38664
44760 -29976
45656 -43720
45944 -37880
46280 -35480
46648 -42904
46776 -33096
46616 -30072
47752 -42744
47992 -39688
47688 -33016
48824 -40200
49320 -40712
49752 -38680
50040 -28872
50328 -31928
51400 -33560
51496 -25592
52088 -40664
52088 -25320
52280 -25384
53288 -25448
54104 -37544
53992 -25064
54824 -28072
54840 -27336
55064 -24760
55848 -29688
56904 -32008
57688 -34056
57976 -32216
59224 -36136
60488 -37560
60520 -36328
60600 -25256
61048 -42328
60952 -36104
61080 -25528
60936 -25064
62072 -42184
62216 -39416
63592 -35528
63720 -26296
63704 -25896
63736 -25224
64344 -26968
64872 -42312
64792 -26920
66632 -41272
67304 -43688
68936 -33512
69368 -33448
69320 -26776
69736 -33720
69992 -30712
70520 -30424
70808 -28152
71032 -28360
70664 -27544
71384 -31928
71880 -42632
71944 -42312
72536 -28136
72536 -24744
72984 -43336
72936 -32744
46184 -44408
49800 -44520
74504 -42984
74280 -27976
74376 -27400
74312 -25560
72456 -44776
75400 -25992
49496 -45416
37640 -45864
76568 -37592
76472 -37048
49320 -46360
65720 -46536
77640 -43320
54936 -24504
66728 -24520
72024 -24472
72488 -24456
74984 -24280
54888 -24040
38232 -47032
45240 -46840
64696 -46824
67144 -47032
79016 -31128
80664 -38728
80552 -31064
80728 -26536
81464 -38552
81496 -32936
82280 -34200
82056 -33128
82264 -29496
82472 -34104
82680 -29080
83304 -34504
83304 -33624
83800 -35624
83480 -30072
84232 -41656
84248 -40440
84248 -35640
84536 -41832
84504 -31464
85192 -41112
85528 -41432
85816 -39800
85800 -36104
85768 -27304
86120 -46568
86376 -44760
86264 -27960
86760 -44728
88360 -25960
88168 -25384
88856 -33016
88600 -27288
88680 -26264
89224 -46568
89272 -43768
89176 -26520
89336 -24904
89864 -42776
89960 -36248
89816 -24824
90136 -35800
90776 -43864
90824 -33112
90648 -33464
91480 -43272
91352 -26888
91272 -25480
92520 -42152
92184 -39704
92200 -28856
92216 -31416
92984 -36536
92744 -31048
92792 -31512
93400 -39240
93480 -36744
93720 -42376
93864 -36600
94216 -38184
94360 -39624
94968 -25448
95480 -38376
95480 -24936
96088 -29560
95960 -24264
96328 -27848
96408 -24888
96920 -25464
96936 -25896
99480 -43256
100600 -44296
100712 -33976
100968 -30120
101640 -29576
101736 -24456
102232 -26104
102584 -36536
102488 -34440
102424 -35240
83000 -47608
103096 -32056
103128 -27800
103048 -30136
104072 -44232
104008 -43896
104024 -33608
104184 -32392
103944 -31640
104728 -34248
105112 -41752
105128 -33960
105208 -31128
105832 -42216
106360 -39176
106184 -24712
106184 -24488
106520 -39256
106872 -26008
106568 -25288
107112 -27864
107256 -25928
107272 -25576
108600 -42264
109128 -42248
109608 -44776
109736 -26536
110296 -30424
111752 -26312
113384 -38184
113736 -45832
115032 -29032
115048 -28504
115544 -39112
116040 -35112
84008 -23992
88168 -24008
117064 -42200
117320 -41960
117512 -37752
117608 -30680
117432 -29880
107528 -23464
117944 -42136
118056 -41928
117784 -41256
83976 -22856
83784 -22680
84552 -22664
119560 -30696
119512 -28664
119864 -28344
120040 -27832
120696 -42632
120568 -27848
121080 -30488
121160 -27608
94456 -47816
96120 -47992
113320 -48024
113960 -47992
120600 -47992
74552 -22328
122120 -35128
122200 -31416
122008 -30632
122664 -31896
123128 -46456
123048 -45800
123656 -46456
123576 -41880
123736 -24968
124488 -26968
126296 -33784
127144 -47240
127544 -26952
128264 -40296
128200 -34584
128744 -25288
129032 -35608
129256 -30696
129544 -47592
129336 -25400
129832 -28456
129752 -25352
130248 -38840
130136 -28088
130344 -25864
130568 -40264
130920 -34472
131912 -41816
132120 -41864
132888 -34152
132872 -29032
133448 -32408
133224 -29576
133672 -44280
133656 -39752
133800 -38280
133864 -32904
134312 -45720
134424 -39720
134376 -38792
134200 -32584
134808 -39352
134856 -37560
134952 -30072
135320 -39064
135192 -37240
135176 -29400
136536 -27448
136824 -40728
137400 -32168
137272 -32392
138072 -35704
137976 -25384
138536 -37864
138296 -34168
138920 -35480
138824 -32920
139528 -33528
139608 -26968
139816 -33048
140376 -30888
141320 -36760
141464 -35032
141576 -33240
142104 -35720
142024 -30008
142168 -26824
142408 -36104
143080 -47448
142888 -36344
142888 -35544
142952 -31928
143720 -45832
143720 -38136
144200 -35688
143928 -28472
145048 -45384
145608 -44296
145592 -32248
146264 -47016
146104 -43992
148600 -42184
149272 -40088
149640 -46856
149656 -39352
149816 -40264
149576 -36632
149752 -25272
150136 -29368
150120 -28328
150072 -28120
150600 -35112
150728 -27624
151160 -47576
151096 -47096
151688 -42392
153928 -38104
154968 -43848
156168 -41896
156232 -42488
156744 -47512
154200 -47992
155896 -47752
143512 -48504
143096 -48632
147656 -48552
146616 -49128
163432 -41624
144088 -49368
141000 -50584
144440 -50408
143496 -50632
156184 -50904
166024 -50888
166744 -40648
168152 -39224
168296 -40104
169064 -51064
169592 -49064
146104 -51608
147112 -51544
149208 -51384
150264 -51592
170184 -49896
170216 -49544
170008 -41816
144744 -52072
146728 -51928
152600 -52216
164552 -52056
170776 -52200
173256 -45368
169592 -49064
170216 -49544
170184 -49896
166024 -50888
169064 -51064
156744 -47512
173256 -45368
173944 -50872
173832 -46280
173640 -45336
164552 -52056
170776 -52200
174424 -45352
163688 -52584
170168 -52696
171288 -52680
172344 -52696
[info] increasing fragment cache size from 15360 to 16384
[info] fragment cache size increased to 16384
[info] increasing fragment cache size from 16384 to 17408
171592 -53112
[info] fragment cache size increased to 17408
[info] increasing fragment cache size from 17408 to 18432
[info] fragment cache size increased to 18432
163432 -53464
[info] increasing fragment cache size from 18432 to 19456
[info] fragment cache size increased to 19456
[info] increasing fragment cache size from 19456 to 20480
[info] fragment cache size increased to 20480
[info] increasing fragment cache size from 20480 to 21504
[info] fragment cache size increased to 21504
[info] increasing fragment cache size from 21504 to 22528
[info] fragment cache size increased to 22528
176376 -46232
169768 -53944
170216 -54184
176648 -52408
176808 -44728
177928 -53128
177864 -44936
[info] increasing fragment cache size from 22528 to 23552
[info] fragment cache size increased to 23552
[info] increasing fragment cache size from 23552 to 24576
[info] fragment cache size increased to 24576
[info] increasing fragment cache size from 24576 to 25600
[info] fragment cache size increased to 25600
[info] increasing fragment cache size from 25600 to 26624
[info] fragment cache size increased to 26624
168776 -56760
166152 -57080
166936 -57288
168648 -56984
180264 -47256
159000 -57496
160072 -57576
159912 -58008
175736 -58168
181256 -58024
159784 -58520
169720 -58520
175944 -58808
174664 -58616
183032 -54520
182792 -46936
183400 -54168
168824 -59128
169768 -59208
169032 -59144
170776 -59144
161896 -60328
179848 -60200
183960 -45240
184408 -55704
164488 -61256
165416 -61208
179496 -61144
161448 -61592
160440 -61912
185912 -52072
186200 -50456
186392 -47752
186920 -56120
187256 -49416
186984 -47944
187400 -61224
187608 -54744
187688 -53688
187704 -53080
188200 -55608
188024 -53720
188024 -52584
188136 -51576
168056 -62296
176264 -62360
179896 -62264
173784 -63160
165160 -63832
188552 -55480
188776 -54152
188520 -45352
189304 -50328
189448 -50456
189624 -48824
190824 -53112
191000 -53176
182872 -64264
174760 -64856
182488 -65016
175640 -65176
182504 -65288
159320 -66024
162072 -65816
162472 -65688
168152 -65944
182408 -66424
191544 -53080
191832 -45336
192104 -45752
192264 -45528
192600 -52904
192520 -45544
193176 -63720
193288 -62840
193176 -46552
193752 -62744
193576 -49432
194088 -47320
162056 -67032
174344 -66904
182488 -66760
190184 -66936
190536 -67048
190728 -67336
192200 -67448
162360 -67960
177192 -68088
164136 -68456
170584 -68584
171080 -68584
189112 -68312
190088 -68360
195608 -47016
196344 -47528
197464 -66520
197208 -63384
176472 -68824
187672 -68824
188680 -69016
190520 -68952
190088 -68904
173192 -69912
175352 -70088
177256 -70536
177016 -70408
188776 -70584
183304 -71080
189256 -70968
196328 -70968
198856 -57752
199512 -64680
199832 -62104
199784 -57048
199896 -55128
199944 -44264
200552 -61144
200552 -60728
200504 -55976
200552 -49832
200904 -62440
200920 -60728
182648 -71480
169144 -72008
184648 -72104
185080 -72024
194824 -72632
201416 -51192
201944 -67256
201912 -62904
202520 -55048
202760 -68584
202920 -49560
158936 -72936
163096 -72904
167656 -73080
182120 -73000
184168 -73176
184520 -73000
203560 -66696
203608 -66552
203496 -63624
203592 -63416
158760 -73400
165144 -73560
166968 -73704
167576 -73544
173176 -73480
175208 -73464
204104 -71864
204472 -58712
204488 -57560
204424 -50328
162600 -74136
204664 -74008
204824 -73416
204856 -71672
205688 -59896
205448 -57080
205512 -52888
172712 -74440
183416 -74488
181496 -74440
205832 -72680
206104 -62696
206136 -59304
206056 -57224
159320 -74952
199464 -75128
201000 -75144
206920 -71560
207176 -63640
207000 -62616
207224 -49848
206952 -48824
207480 -68856
207560 -59352
207368 -49960
207464 -47320
207992 -73864
208184 -73544
208200 -70840
208072 -70104
208088 -57720
190760 -75448
194328 -75512
200888 -75432
205048 -75576
208712 -72152
208488 -70968
208744 -60184
208744 -48776
209272 -68504
209080 -60648
209224 -60104
209192 -59896
209256 -49128
209784 -50136
188648 -75944
190824 -76184
194120 -76232
205016 -75992
208200 -75912
209128 -75928
210280 -71560
209992 -70472
210152 -49832
210152 -49512
210664 -75768
210472 -71336
210776 -64856
210616 -64504
210728 -59576
210520 -56600
210760 -52488
211208 -74456
211112 -65528
211016 -56312
211192 -54680
211128 -55800
211160 -52120
166648 -76776
196280 -76456
209976 -76456
211720 -64152
211704 -61128
211752 -58824
211688 -52024
211656 -50552
212104 -75752
212040 -75032
212072 -51480
212600 -70904
212552 -64840
167128 -77128
188664 -77304
213080 -69352
213144 -59096
213272 -53656
213032 -52152
213304 -45432
213832 -58584
213848 -47304
214200 -71400
214040 -47544
169192 -77784
169832 -77640
170712 -77704
190296 -77448
206008 -77720
212632 -77512
214536 -76696
215352 -77272
215256 -72632
215176 -67208
215848 -67576
216200 -68568
216392 -63240
168056 -78168
168504 -78216
169512 -78136
177240 -78312
190008 -78104
216792 -48072
170296 -78696
188584 -78840
196312 -78488
219304 -59848
219768 -73624
219848 -62136
219864 -60792
159944 -79048
163896 -79048
169624 -79096
205128 -79272
221048 -77288
220952 -70792
220680 -57688
220712 -58072
222072 -76456
221880 -76072
221704 -73048
222056 -62840
195832 -79656
207528 -79704
216920 -79704
222216 -72568
222536 -68408
223080 -74952
222952 -67976
222856 -68440
223288 -66280
165160 -80088
223992 -74568
223832 -71608
225112 -77448
225016 -78040
225128 -75544
224872 -75256
224808 -74520
225320 -75448
226008 -56456
226024 -56184
165176 -80616
182136 -80840
183512 -80856
226456 -60600
227704 -64232
228216 -56200
228088 -49368
180856 -81048
183576 -81064
194248 -81080
212632 -81240
228408 -61416
228648 -57272
228904 -75432
228936 -62152
228968 -60664
179016 -81624
182504 -81848
229560 -81784
230168 -77752
230056 -46024
230488 -69336
231288 -70984
231080 -65960
231448 -66328
231608 -47576
162344 -82360
172136 -82328
181576 -82168
232216 -75448
231960 -66552
231992 -52104
171624 -82776
171176 -82616
174856 -82904
201288 -82872
230024 -82840
230664 -82792
174728 -83096
197736 -83112
198664 -83384
179816 -43704
180264 -43880
212264 -44008
158072 -74104
232616 -62872
233192 -81128
233192 -67016
233240 -67336
233304 -45480
233784 -58040
233736 -57272
166008 -83672
165160 -83704
198232 -83944
197928 -84264
204008 -84296
205880 -84456
220200 -84120
157496 -64920
157048 -82232
156856 -64456
157016 -63848
156744 -47512
234712 -70344
234728 -57048
235320 -81896
235080 -47496
228472 -43432
235624 -53544
200200 -84744
206952 -84680
212744 -84904
217672 -84952
231208 -84952
156184 -50904
156392 -85272
193272 -85416
197992 -85160
200232 -85208
231512 -85304
165720 -85832
193720 -85752
197720 -85816
200808 -85784
165480 -86392
174696 -86312
184088 -86328
195320 -86520
196392 -86472
185608 -42808
188104 -42904
192840 -42952
235672 -42664
236040 -42760
155864 -85784
155992 -83080
155880 -69624
155992 -65912
156008 -63656
155896 -47752
155480 -85656
155416 -71528
155464 -69784
155512 -63384
155240 -56120
155176 -54168
155192 -53176
237272 -74888
237272 -57048
237160 -56520
237848 -74168
237800 -58296
237672 -44312
237928 -42632
238184 -56184
238392 -56600
238840 -57240
170760 -86920
175848 -86824
212232 -86856
213288 -86872
230488 -86968
154728 -82904
154952 -53048
154968 -43848
239480 -66696
239848 -82696
239672 -57816
239864 -51416
168776 -87416
174680 -87400
212184 -87512
229016 -87464
232488 -87272
154200 -47992
240232 -79240
240200 -45192
240328 -44920
240344 -43464
240840 -70056
240968 -66696
240936 -57480
240920 -57272
240680 -56248
240808 -50888
240840 -51384
240968 -44904
240904 -44424
190168 -87736
195224 -87688
203848 -87720
227672 -87976
229416 -87816
229160 -87864
232136 -88024
185176 -88376
224024 -88376
225544 -88536
241480 -82264
241272 -71096
241288 -56584
241320 -51528
241752 -67848
241976 -68264
241864 -66376
242040 -65432
241736 -60328
241768 -55544
241736 -52440
242472 -77640
242456 -77224
242440 -67896
242200 -67240
242360 -66008
242344 -59256
242536 -51896
242728 -76616
243048 -68344
242696 -58840
242712 -54488
243496 -69624
243880 -69256
243816 -65992
226008 -56456
237160 -56520
238392 -56600
240936 -57480
233192 -67016
239480 -66696
240968 -66696
222056 -62840
228648 -57272
233736 -57272
234728 -57048
237272 -57048
238840 -57240
240968 -66696
240936 -57480
240920 -57272
241864 -66376
242040 -65432
241736 -60328
233240 -67336
226008 -56456
237160 -56520
238392 -56600
241288 -56584
222056 -62840
222952 -67976
241752 -67848
242200 -67240
242440 -67896
242360 -66008
242344 -59256
242696 -58840
222536 -68408
222856 -68440
241976 -68264
243048 -68344
220680 -57688
220712 -58072
243816 -65992
226024 -56184
228216 -56200
238184 -56184
240680 -56248
244392 -58248
244888 -65944
245416 -65864
245528 -65272
230488 -69336
243496 -69624
243880 -69256
241768 -55544
245880 -55608
246552 -61656
240840 -70056
246952 -58776
[info] increasing fragment cache size from 26624 to 27648
[info] fragment cache size increased to 27648
[info] increasing fragment cache size from 27648 to 28672
[info] fragment cache size increased to 28672
[info] increasing fragment cache size from 28672 to 29696
[info] fragment cache size increased to 29696
[info] increasing fragment cache size from 29696 to 30720
[info] fragment cache size increased to 30720
[info] increasing fragment cache size from 30720 to 31744
[info] fragment cache size increased to 31744
[info] increasing fragment cache size from 31744 to 32768
[info] fragment cache size increased to 32768
247448 -62728
[info] increasing fragment cache size from 32768 to 33792
[info] fragment cache size increased to 33792
[info] increasing fragment cache size from 33792 to 34816
[info] fragment cache size increased to 34816
[info] increasing fragment cache size from 34816 to 35840
[info] fragment cache size increased to 35840
[info] increasing fragment cache size from 35840 to 36864
[info] fragment cache size increased to 36864
234712 -70344
[info] increasing fragment cache size from 36864 to 37888
[info] fragment cache size increased to 37888
247880 -60152
248392 -66520
244296 -54488
249592 -56776
273080 -78632
299272 -81800
306232 -81368
308328 -82248
309496 -75400
327928 -81112
350872 -81176
360120 -80376
364040 -81128
372056 -76456
372920 -76456
372952 -76056
373432 -80808
373944 -80536
374040 -72440
373784 -72104
373896 -70888
374328 -80040
374456 -80872
374840 -80264
374840 -61768
375464 -78296
375304 -56168
375960 -54200
376680 -79720
376872 -63944
377672 -63848
377672 -62792
379192 -66808
378888 -54184
380184 -79800
380152 -76984
380712 -53624
380632 -51128
381288 -63704
381208 -58184
381560 -64824
381464 -64344
382280 -74072
382328 -67352
382712 -73608
382600 -70056
382776 -69448
382600 -62840
382568 -65016
383320 -77176
383080 -76776
383016 -76088
383160 -63800
383000 -64440
383832 -68872
383816 -65752
383512 -62296
384040 -72408
384040 -65896
384264 -55192
384744 -56232
384840 -49816
385208 -79224
385176 -79576
385272 -78280
385112 -80760
385368 -50392
385256 -49896
385624 -81112
386360 -61176
386296 -59048
386360 -58856
386360 -57336
386728 -57816
386760 -55560
386712 -50008
387320 -72872
387880 -66184
387752 -54680
388264 -76536
388904 -69912
389928 -69976
390728 -66440
390680 -64216
392024 -50520
392424 -63480
392392 -62680
393288 -62728
393256 -52600
394904 -79672
395096 -64232
396024 -76504
396584 -78136
397064 -51608
397384 -70904
397528 -54552
398024 -69048
398088 -55240
399016 -66488
399016 -66728
398888 -52408
399592 -72568
399880 -67224
400488 -53464
401720 -67576
401736 -54488
402152 -61320
403048 -63960
404504 -63416
405304 -57112
405704 -71608
405608 -66328
406600 -55496
407240 -68536
407384 -65384
407608 -71608
407576 -64888
408264 -73416
408376 -73144
408920 -73640
408728 -69768
408632 -69288
408760 -69016
409352 -78008
409368 -73016
409752 -77240
409976 -72984
410120 -75512
410392 -75176
410216 -69048
410456 -57096
410680 -76232
411784 -75448
412312 -62424
413016 -76616
412840 -71672
412984 -71080
412968 -69272
412872 -69080
412904 -67384
413032 -55496
412760 -55016
413368 -76776
413928 -77096
413928 -76568
414408 -77720
414248 -71960
414280 -71672
414232 -68520
416808 -55640
417592 -58552
417992 -52600
417896 -51656
419608 -70312
419416 -65496
419560 -63912
419416 -60856
419496 -56568
419512 -51400
419944 -70856
420616 -72056
420536 -64200
420552 -63256
420984 -64504
421624 -64680
421736 -66536
421496 -58872
422008 -78296
421560 -53592
422440 -66312
422728 -60712
422632 -54488
423960 -77656
424248 -56216
424504 -67960
425144 -68584
425160 -64360
425128 -60392
425320 -55976
425768 -75176
425800 -71480
425688 -70952
425544 -51640
426184 -62696
426584 -62952
426808 -54136
426520 -56200
426712 -52664
427048 -57080
427144 -56680
427528 -73448
427608 -67960
428088 -66968
428104 -58504
428680 -76712
428664 -71112
428808 -63384
429848 -70936
430168 -60840
430328 -58120
431848 -72936
431800 -52536
380632 -51128
396552 -51080
411944 -51112
432408 -52152
432824 -72456
433320 -72568
433400 -65736
433288 -58520
433720 -60168
433768 -57624
434856 -61208
435272 -71064
435240 -64360
436856 -72888
436920 -60152
437368 -59736
438392 -62184
438328 -61576
438936 -67256
439128 -63352
438792 -61608
438840 -60616
439000 -58072
439352 -50568
439992 -68824
439864 -62760
440472 -72840
440328 -63176
440392 -59016
441016 -50600
441656 -59208
441608 -58776
441960 -54184
442168 -50456
442552 -73128
442456 -58504
442904 -58792
443496 -61592
443736 -62744
443928 -69432
443944 -55576
444936 -61240
444936 -50888
445576 -57128
446264 -52920
446488 -70856
447192 -51048
447640 -64984
447848 -58232
448200 -57848
448744 -67944
449064 -72472
449048 -67496
449592 -72696
449784 -63240
449656 -59864
450104 -73624
450312 -59192
450760 -59096
451304 -69608
451400 -65784
451320 -68024
452456 -68088
453912 -65304
453768 -53608
454520 -66904
454504 -66040
454920 -66952
454888 -65464
454760 -66008
454840 -50552
456504 -52072
456712 -73112
456712 -54504
457480 -65288
457992 -69480
458040 -60840
457832 -60408
458264 -66984
458552 -58712
458888 -66952
458760 -65304
458904 -60584
459400 -60216
459784 -65768
460664 -58216
461144 -58312
462632 -71848
462712 -69608
462552 -51512
462952 -69512
465128 -67960
465240 -63896
465240 -59144
465432 -67016
465448 -58824
466184 -58328
471256 -64232
471704 -63912
473384 -71960
473240 -59848
473448 -59016
473832 -72568
473704 -58696
474264 -76456
474248 -65528
474920 -67752
474984 -61208
474872 -56088
474776 -56632
474632 -57160
476024 -61352
476216 -72040
476296 -70840
476232 -55624
476376 -55208
476216 -52184
476360 -50344
476824 -77256
476824 -56808
476984 -57624
476840 -53656
476744 -52360
476984 -52168
476968 -49656
477432 -66456
477224 -57592
477992 -57000
479336 -69320
479944 -78040
480344 -70824
480536 -57576
480328 -54200
481032 -74024
481016 -53512
481528 -56696
481592 -56072
482120 -70888
482152 -69880
481800 -48808
482424 -76744
482600 -72936
482344 -68024
482392 -57080
482392 -56728
483096 -63160
483144 -59864
482536 -78536
482904 -78584
468168 -47752
482872 -48456
483576 -73032
484216 -73880
484584 -76616
484408 -76264
484392 -73640
484424 -54664
484392 -51112
485096 -57560
484872 -53016
485128 -50840
485688 -72104
486088 -52664
486504 -52488
487096 -73112
487240 -69416
487256 -54920
487544 -69864
488296 -62184
488456 -75720
478424 -79784
489688 -79064
489656 -51192
490056 -75592
490216 -64904
490136 -54408
490040 -48952
490776 -79848
490840 -73624
490792 -72680
491032 -77640
491240 -73560
491368 -60600
491736 -60728
493368 -76776
494120 -77592
494424 -69768
494376 -69272
494184 -68280
494440 -55496
494456 -54472
494920 -71896
494776 -69112
495352 -70104
495240 -59544
495368 -53688
495720 -54056
496152 -79816
496392 -65528
496376 -53752
496728 -68472
496696 -65464
496696 -53544
496824 -53144
477992 -80152
478424 -80216
485512 -80376
497240 -68776
497800 -71400
498504 -77960
479080 -80536
493928 -80536
485512 -46296
498808 -80200
499848 -80552
499752 -70488
474488 -81096
500808 -58008
472808 -81752
477528 -81736
484520 -45736
483640 -45560
488120 -45496
501416 -71064
502088 -72328
476216 -82328
479272 -82312
471144 -45032
489480 -44680
499976 -44776
502856 -59768
502888 -55000
503672 -80792
503576 -59544
482488 -44344
483144 -44216
485720 -44488
503992 -46328
504488 -78600
504328 -53560
468072 -82600
473880 -82824
475416 -82760
475800 -82744
493384 -82888
495416 -82680
503816 -82664
482008 -83448
487576 -83176
501960 -83288
504152 -83448
481352 -43864
470616 -43512
504984 -80600
504936 -78520
505144 -53896
505528 -45928
506232 -46424
506744 -81256
506520 -54488
506472 -46216
470552 -42984
490808 -42936
507000 -83320
506952 -74376
507656 -74216
507560 -55512
508136 -48824
508072 -45464
480792 -83832
483016 -83672
501416 -83768
505144 -83880
469080 -42248
499272 -42200
508472 -83288
508760 -82760
477784 -84328
484168 -84376
492920 -84344
501512 -84184
469224 -41848
477464 -41976
478328 -41976
480888 -41880
497480 -41736
499864 -41896
469224 -41256
477416 -41256
482648 -41192
480824 -40616
494424 -40808
509240 -82616
509144 -63976
509096 -52424
509192 -52936
509192 -48296
509704 -80024
509512 -53112
509672 -45432
509656 -43976
510120 -81560
510072 -70584
510264 -45032
510616 -51176
510792 -45464
510536 -44680
511320 -82056
511352 -66488
511048 -64680
494328 -84856
503864 -84936
501368 -84888
509768 -84792
511560 -63240
511768 -48568
477400 -85352
504904 -85288
505384 -85144
510664 -85480
512312 -60728
512328 -52712
512136 -47544
497960 -40120
512680 -83864
498408 -85832
511720 -85912
512824 -85656
511496 -86200
513784 -67576
513800 -53192
514136 -72888
514168 -61656
514376 -61096
514824 -53048
515384 -84376
515688 -70632
516312 -52648
495224 -86856
517384 -84712
517320 -82808
517224 -67832
517272 -56120
517896 -84200
517880 -83256
518360 -84248
518328 -72184
495864 -87352
518744 -84104
518872 -55080
519176 -84616
519320 -61416
519192 -59080
519464 -55144
520056 -85832
519848 -85496
520040 -83304
519752 -66248
519944 -58088
520344 -79592
520504 -64184
491320 -88248
498040 -88344
520760 -79336
521528 -80120
521512 -78520
521496 -65512
521784 -65688
521912 -54616
522280 -85928
497496 -88760
522920 -57256
522888 -53960
523496 -78264
523496 -66504
523544 -65176
523400 -65960
523272 -59896
523624 -50840
523784 -85176
524024 -70040
524424 -85752
524616 -77496
524568 -76744
525144 -76120
525048 -58088
525320 -80328
525336 -79848
525992 -87784
525848 -86344
526056 -85752
525960 -66776
526008 -61608
526184 -60344
526344 -77720
526472 -73208
526456 -70328
526360 -63848
527128 -82824
527128 -76760
527096 -68536
527016 -64728
527096 -66008
527080 -62904
527016 -61592
526920 -59384
527080 -53208
527512 -82840
527624 -64952
527480 -62936
527416 -57816
527688 -53736
528056 -87528
527880 -82824
528008 -64328
527944 -64744
527912 -60584
528760 -87304
528616 -85640
528664 -83400
528488 -64984
528440 -64376
528904 -86328
529096 -87288
529256 -86008
528920 -76936
529160 -75400
528920 -70328
529224 -65816
528904 -60056
529016 -59768
529416 -65000
529592 -62424
530264 -80056
530024 -69400
530552 -85784
530664 -75528
530728 -64952
531672 -50920
532616 -71896
532776 -54152
532776 -54424
533208 -71656
533512 -82680
533624 -72936
534392 -82184
534200 -62424
534552 -80136
534728 -52456
535256 -88280
535192 -51960
535912 -73592
535832 -65720
535752 -65496
536264 -86280
536264 -65992
536296 -60840
536344 -58024
536344 -52536
536264 -52040
536600 -52152
537256 -83304
537208 -58632
537464 -56264
537640 -83448
537608 -53096
538456 -89048
538296 -84136
538248 -80328
538792 -81848
538728 -65896
538808 -57640
539272 -81128
539272 -57784
539992 -82120
539672 -81048
539736 -60664
540232 -87816
540360 -73368
540744 -78792
540872 -60296
541480 -53528
541224 -52456
541752 -73896
542392 -86776
543336 -87832
543304 -75080
543416 -67480
543928 -87768
543912 -74456
544120 -67400
545384 -59672
545528 -56136
546072 -75144
545832 -63368
546344 -75944
546328 -63832
546648 -62616
546568 -61656
548376 -84872
548648 -54584
549144 -79240
548984 -69320
549640 -79560
549992 -68856
550744 -80104
550776 -71384
550984 -80104
551192 -58712
551576 -88408
551464 -58808
552280 -86488
552280 -85704
552632 -87960
552664 -86216
552824 -82728
552968 -86664
552968 -86504
553048 -82744
553080 -81672
553608 -82792
554088 -84664
554296 -79288
554616 -68056
554616 -60552
554520 -59656
555288 -72568
555576 -77768
555816 -52696
556360 -78632
556296 -79096
556280 -73576
556376 -53128
556824 -88856
556856 -78008
556600 -77720
556600 -64216
557192 -64664
557320 -64504
557336 -56456
557224 -55640
557192 -51592
558360 -68568
558152 -59704
558712 -58648
559464 -68792
559432 -61592
559240 -56760
559848 -86264
559912 -64264
560232 -86424
560440 -86008
560280 -80792
560200 -62344
560888 -77672
560968 -62216
560840 -52376
562008 -78808
561768 -77736
561976 -66760
561976 -63752
562184 -79032
562504 -70344
562344 -70856
562504 -64760
562232 -53720
562936 -70488
562856 -69544
562696 -65512
562952 -56008
563336 -81896
563528 -69400
563512 -65832
563448 -55800
563944 -67240
563848 -56792
563848 -55736
563800 -54104
564408 -69336
564264 -67048
564456 -65432
564440 -54632
566600 -82568
566536 -64168
566520 -60184
567032 -61896
567144 -61304
567624 -63832
568168 -84264
568168 -72680
567976 -69512
568136 -63368
568184 -62248
567896 -61112
568504 -73128
568488 -71976
570552 -76456
571112 -76280
571000 -64424
571688 -60184
571992 -85656
572088 -83960
573304 -60584
573752 -75160
573496 -60888
574264 -76200
574120 -76616
574152 -71864
574792 -74456
574664 -65416
575224 -73192
575560 -85704
575784 -76424
575624 -75256
576296 -84136
576120 -76584
576056 -73384
576888 -83160
577368 -82904
577048 -82296
578248 -69528
578344 -67336
578904 -77128
578872 -67304
578584 -59832
579432 -83896
579432 -69352
579112 -68808
579096 -67272
579720 -69816
579832 -67032
579640 -59208
580216 -83368
581288 -86424
581192 -80888
581224 -71624
581448 -69944
581304 -63640
581896 -86984
581960 -86216
582152 -69480
582696 -74504
582888 -75400
582792 -60792
583176 -72664
583208 -60904
584280 -78712
584520 -73688
584200 -69976
584920 -74568
585064 -69112
585592 -87432
585288 -81352
585544 -68040
585800 -80232
585960 -68920
[info] fragment cache cleared